Triangle vertices: (-0.439718, -0.8, -1.54211, 1), (-0.543245, -0.8, -1.92848, 1), (-0.0602823, -0.8, -2.05789, 1)    
Triangle bound: (-0.543245, -0.8, -2.05789), (-0.0602823, -0.8, -1.54211)

Triangle vertices: (-0.439718, -0.8, -1.54211, 1), (-0.0602823, -0.8, -2.05789, 1), (0.0432453, -0.8, -1.67152, 1)    
Triangle bound: (-0.439718, -0.8, -2.05789), (0.0432453, -0.8, -1.54211)

Triangle vertices: (-0.543245, -0.8, -1.92848, 1), (-0.543245, 0, -1.92848, 1), (-0.0602823, 0, -2.05789, 1)
Triangle bound: (-0.543245, -0.8, -2.05789), (-0.0602823, 0, -1.92848)

Triangle vertices: (-0.543245, -0.8, -1.92848, 1), (-0.0602823, 0, -2.05789, 1), (-0.0602823, -0.8, -2.05789, 1)      
Triangle bound: (-0.543245, -0.8, -2.05789), (-0.0602823, 0, -1.92848)

Triangle vertices: (0.0432453, -0.8, -1.67152, 1), (-0.0602823, 0, -2.05789, 1), (0.0432453, 0, -1.67152, 1)
Triangle bound: (-0.0602823, -0.8, -2.05789), (0.0432453, 0, -1.67152)

Triangle vertices: (0.0432453, -0.8, -1.67152, 1), (-0.0602823, -0.8, -2.05789, 1), (-0.0602823, 0, -2.05789, 1)      
Triangle bound: (-0.0602823, -0.8, -2.05789), (0.0432453, 0, -1.67152)

Triangle vertices: (-10, 3.63397, -9.16025, 1), (10, -6.36602, 8.16025, 1), (10, 3.63397, -9.16025, 1)
Triangle bound: (-10, -6.36602, -9.16025), (10, 3.63397, 8.16025)

Triangle vertices: (-10, 3.63397, -9.16025, 1), (-10, -6.36602, 8.16025, 1), (10, -6.36602, 8.16025, 1)
Triangle bound: (-10, -6.36602, -9.16025), (10, 3.63397, 8.16025)

Triangle vertices: (-0.439718, 0, -1.54211, 1), (-0.543245, -0.8, -1.92848, 1), (-0.439718, -0.8, -1.54211, 1)        
Triangle bound: (-0.543245, -0.8, -1.92848), (-0.439718, 0, -1.54211)

Triangle vertices: (-0.439718, 0, -1.54211, 1), (-0.543245, 0, -1.92848, 1), (-0.543245, -0.8, -1.92848, 1)
Triangle bound: (-0.543245, -0.8, -1.92848), (-0.439718, 0, -1.54211)

Triangle vertices: (-0.439718, 0, -1.54211, 1), (-0.439718, -0.8, -1.54211, 1), (0.0432453, 0, -1.67152, 1)
Triangle bound: (-0.439718, -0.8, -1.67152), (0.0432453, 0, -1.54211)

Triangle vertices: (-0.439718, -0.8, -1.54211, 1), (0.0432453, -0.8, -1.67152, 1), (0.0432453, 0, -1.67152, 1)        
Triangle bound: (-0.439718, -0.8, -1.67152), (0.0432453, 0, -1.54211)

Triangle vertices: (-10, 10, -2, 1), (-10, -10, -2, 1), (10, -10, -2, 1)
Triangle bound: (-10, -10, -2), (10, 10, -2)

Triangle vertices: (-10, 10, -2, 1), (10, -10, -2, 1), (10, 10, -2, 1)
Triangle bound: (-10, -10, -2), (10, 10, -2)

Triangle vertices: (-5, 10, -11.6603, 1), (-5, -10, -11.6603, 1), (5, -10, 5.66025, 1)
Triangle bound: (-5, -10, -11.6603), (5, 10, 5.66025)

Triangle vertices: (-5, 10, -11.6603, 1), (5, -10, 5.66025, 1), (5, 10, 5.66025, 1)
Triangle bound: (-5, -10, -11.6603), (5, 10, 5.66025)

Triangle vertices: (-5, 10, 5.66025, 1), (-5, -10, 5.66025, 1), (5, -10, -11.6603, 1)
Triangle bound: (-5, -10, -11.6603), (5, 10, 5.66025)

Triangle vertices: (-5, 10, 5.66025, 1), (5, -10, -11.6603, 1), (5, 10, -11.6603, 1)
Triangle bound: (-5, -10, -11.6603), (5, 10, 5.66025)

Triangle vertices: (0.0432453, 0, -1.67152, 1), (-0.0602823, 0, -2.05789, 1), (-0.543245, 0, -1.92848, 1)
Triangle bound: (-0.543245, 0, -2.05789), (0.0432453, 0, -1.67152)

Triangle vertices: (-10, 6.36602, 8.16025, 1), (-10, -3.63397, -9.16025, 1), (10, -3.63397, -9.16025, 1)
Triangle bound: (-10, -3.63397, -9.16025), (10, 6.36602, 8.16025)

Triangle vertices: (-10, 6.36602, 8.16025, 1), (10, -3.63397, -9.16025, 1), (10, 6.36602, 8.16025, 1)
Triangle bound: (-10, -3.63397, -9.16025), (10, 6.36602, 8.16025)

Triangle vertices: (-0.439718, 0, -1.54211, 1), (0.0432453, 0, -1.67152, 1), (-0.543245, 0, -1.92848, 1)
Triangle bound: (-0.543245, 0, -1.92848), (0.0432453, 0, -1.54211)